255 255 255 255 255 255 255 255 255 255 255 255 255 255 255 255
255 214 152 152 152 152 152 152 152 152 152 152 152 152 214 255
255 152   0   0   0   0   0   0   0   0   0   0   0   0 152 255
255 152   0   0   0   0   0   0   0   0   0   0   0   0 152 255
255 152   0   0  10  51  51  51  51  51  51  10   0   0 152 255
255 152   0   0  51 175 112 112 112 112 174  51   0   0 152 255
255 152   0   0  51 112  19  71  71  20 111  51   0   0 152 255
255 152   0   0  51 112  71 191 141  57 111  51   0   0 152 255
255 152   0   0  51 112  63 136 124  61 111  51   0   0 152 255
255 152   0   0  51 112  20  72  72  20 111  51   0   0 152 255
255 152   0   0  51 174 111 111 111 111 174  51   0   0 152 255
255 152   0   0  10  51  51  51  51  51  51  10   0   0 152 255
255 152   0   0   0   0   0   0   0   0   0   0   0   0 152 255
255 152   0   0   0   0   0   0   0   0   0   0   0   0 152 255
255 214 152 152 152 152 152 152 152 152 152 152 152 152 214 255
255 255 255 255 255 255 255 255 255 255 255 255 255 255 255 255
255 255 255 255 255 255 255 255 255 255 255 255 255 255 255 255
255 214 152 152 152 152 152 152 152 152 152 152 152 152 214 255
255 152   0   0   0   0   0   0   0   0   0   0   0   0 152 255
255 152   0   0   0   0   0   0   0   0   0   0   0   0 152 255
255 152   0   0  10  51  51  51  51  51  51  10   0   0 152 255
255 152   0   0  51 175 112 112 112 112 174  51   0   0 152 255
255 152   0   0  51 112  19  71  71  20 111  51   0   0 152 255
255 152   0   0  51 112  71 191 141  57 111  51   0   0 152 255
255 152   0   0  51 112  63 136 124  61 111  51   0   0 152 255
255 152   0   0  51 112  20  72  72  20 111  51   0   0 152 255
255 152   0   0  51 174 111 111 111 111 174  51   0   0 152 255
255 152   0   0  10  51  51  51  51  51  51  10   0   0 152 255
255 152   0   0   0   0   0   0   0   0   0   0   0   0 152 255
255 152   0   0   0   0   0   0   0   0   0   0   0   0 152 255
255 214 152 152 152 152 152 152 152 152 152 152 152 152 214 255
255 255 255 255 255 255 255 255 255 255 255 255 255 255 255 255
255 255 255 255 255 255 255 255 255 255 255 255 255 255 255 255
255 214 152 152 152 152 152 152 152 152 152 152 152 152 214 255
255 152   0   0   0   0   0   0   0   0   0   0   0   0 152 255
255 152   0   0   0   0   0   0   0   0   0   0   0   0 152 255
255 152   0   0  10  51  51  51  51  51  51  10   0   0 152 255
255 152   0   0  51 175 112 112 112 112 174  51   0   0 152 255
255 152   0   0  51 112  19  71  71  20 111  51   0   0 152 255
255 152   0   0  51 112  71 191 141  57 111  51   0   0 152 255
255 152   0   0  51 112  63 136 124  61 111  51   0   0 152 255
255 152   0   0  51 112  20  72  72  20 111  51   0   0 152 255
255 152   0   0  51 174 111 111 111 111 174  51   0   0 152 255
255 152   0   0  10  51  51  51  51  51  51  10   0   0 152 255
255 152   0   0   0   0   0   0   0   0   0   0   0   0 152 255
255 152   0   0   0   0   0   0   0   0   0   0   0   0 152 255
255 214 152 152 152 152 152 152 152 152 152 152 152 152 214 255
255 255 255 255 255 255 255 255 255 255 255 255 255 255 255 255

255 255 255 255 255 255 255 255 255 255 255 255 255 255 255 255
255 214 152 152 152 152 152 152 152 152 152 152 152 152 214 255
255 152   0   0   0   0   0   0   0   0   0   0   0   0 152 255
255 152   0   0   0   0   0   0   0   0   0   0   0   0 152 255
255 152   0   0  10  51  51  51  51  51  51  10   0   0 152 255
255 152   0   0  51 174 111 111 111 111 174  51   0   0 152 255
255 152   0   0  51 112  20  57  61  20 111  51   0   0 152 255
255 152   0   0  51 112  71 141 124  72 111  51   0   0 152 255
255 152   0   0  51 112  71 191 136  72 111  51   0   0 152 255
255 152   0   0  51 112  19  71  63  20 111  51   0   0 152 255
255 152   0   0  51 175 112 112 112 112 174  51   0   0 152 255
255 152   0   0  10  51  51  51  51  51  51  10   0   0 152 255
255 152   0   0   0   0   0   0   0   0   0   0   0   0 152 255
255 152   0   0   0   0   0   0   0   0   0   0   0   0 152 255
255 214 152 152 152 152 152 152 152 152 152 152 152 152 214 255
255 255 255 255 255 255 255 255 255 255 255 255 255 255 255 255
255 255 255 255 255 255 255 255 255 255 255 255 255 255 255 255
255 214 152 152 152 152 152 152 152 152 152 152 152 152 214 255
255 152   0   0   0   0   0   0   0   0   0   0   0   0 152 255
255 152   0   0   0   0   0   0   0   0   0   0   0   0 152 255
255 152   0   0  10  51  51  51  51  51  51  10   0   0 152 255
255 152   0   0  51 174 111 111 111 111 174  51   0   0 152 255
255 152   0   0  51 112  20  57  61  20 111  51   0   0 152 255
255 152   0   0  51 112  71 141 124  72 111  51   0   0 152 255
255 152   0   0  51 112  71 191 136  72 111  51   0   0 152 255
255 152   0   0  51 112  19  71  63  20 111  51   0   0 152 255
255 152   0   0  51 175 112 112 112 112 174  51   0   0 152 255
255 152   0   0  10  51  51  51  51  51  51  10   0   0 152 255
255 152   0   0   0   0   0   0   0   0   0   0   0   0 152 255
255 152   0   0   0   0   0   0   0   0   0   0   0   0 152 255
255 214 152 152 152 152 152 152 152 152 152 152 152 152 214 255
255 255 255 255 255 255 255 255 255 255 255 255 255 255 255 255
255 255 255 255 255 255 255 255 255 255 255 255 255 255 255 255
255 214 152 152 152 152 152 152 152 152 152 152 152 152 214 255
255 152   0   0   0   0   0   0   0   0   0   0   0   0 152 255
255 152   0   0   0   0   0   0   0   0   0   0   0   0 152 255
255 152   0   0  10  51  51  51  51  51  51  10   0   0 152 255
255 152   0   0  51 174 111 111 111 111 174  51   0   0 152 255
255 152   0   0  51 112  20  57  61  20 111  51   0   0 152 255
255 152   0   0  51 112  71 141 124  72 111  51   0   0 152 255
255 152   0   0  51 112  71 191 136  72 111  51   0   0 152 255
255 152   0   0  51 112  19  71  63  20 111  51   0   0 152 255
255 152   0   0  51 175 112 112 112 112 174  51   0   0 152 255
255 152   0   0  10  51  51  51  51  51  51  10   0   0 152 255
255 152   0   0   0   0   0   0   0   0   0   0   0   0 152 255
255 152   0   0   0   0   0   0   0   0   0   0   0   0 152 255
255 214 152 152 152 152 152 152 152 152 152 152 152 152 214 255
255 255 255 255 255 255 255 255 255 255 255 255 255 255 255 255

255 255 255 255 255 255 255 255 255 255 255 255 255 255 255 255
255 214 152 152 152 152 152 152 152 152 152 152 152 152 214 255
255 152   0   0   0   0   0   0   0   0   0   0   0   0 152 255
255 152   0   0   0   0   0   0   0   0   0   0   0   0 152 255
255 152   0   0  10  51  51  51  51  51  51  10   0   0 152 255
255 152   0   0  51 174 111 111 111 111 174  51   0   0 152 255
255 152   0   0  51 111  20  72  72  20 112  51   0   0 152 255
255 152   0   0  51 111  61 124 136  63 112  51   0   0 152 255
255 152   0   0  51 111  57 141 191  71 112  51   0   0 152 255
255 152   0   0  51 111  20  71  71  19 112  51   0   0 152 255
255 152   0   0  51 174 112 112 112 112 175  51   0   0 152 255
255 152   0   0  10  51  51  51  51  51  51  10   0   0 152 255
255 152   0   0   0   0   0   0   0   0   0   0   0   0 152 255
255 152   0   0   0   0   0   0   0   0   0   0   0   0 152 255
255 214 152 152 152 152 152 152 152 152 152 152 152 152 214 255
255 255 255 255 255 255 255 255 255 255 255 255 255 255 255 255
255 255 255 255 255 255 255 255 255 255 255 255 255 255 255 255
255 214 152 152 152 152 152 152 152 152 152 152 152 152 214 255
255 152   0   0   0   0   0   0   0   0   0   0   0   0 152 255
255 152   0   0   0   0   0   0   0   0   0   0   0   0 152 255
255 152   0   0  10  51  51  51  51  51  51  10   0   0 152 255
255 152   0   0  51 174 111 111 111 111 174  51   0   0 152 255
255 152   0   0  51 111  20  72  72  20 112  51   0   0 152 255
255 152   0   0  51 111  61 124 136  63 112  51   0   0 152 255
255 152   0   0  51 111  57 141 191  71 112  51   0   0 152 255
255 152   0   0  51 111  20  71  71  19 112  51   0   0 152 255
255 152   0   0  51 174 112 112 112 112 175  51   0   0 152 255
255 152   0   0  10  51  51  51  51  51  51  10   0   0 152 255
255 152   0   0   0   0   0   0   0   0   0   0   0   0 152 255
255 152   0   0   0   0   0   0   0   0   0   0   0   0 152 255
255 214 152 152 152 152 152 152 152 152 152 152 152 152 214 255
255 255 255 255 255 255 255 255 255 255 255 255 255 255 255 255
255 255 255 255 255 255 255 255 255 255 255 255 255 255 255 255
255 214 152 152 152 152 152 152 152 152 152 152 152 152 214 255
255 152   0   0   0   0   0   0   0   0   0   0   0   0 152 255
255 152   0   0   0   0   0   0   0   0   0   0   0   0 152 255
255 152   0   0  10  51  51  51  51  51  51  10   0   0 152 255
255 152   0   0  51 174 111 111 111 111 174  51   0   0 152 255
255 152   0   0  51 111  20  72  72  20 112  51   0   0 152 255
255 152   0   0  51 111  61 124 136  63 112  51   0   0 152 255
255 152   0   0  51 111  57 141 191  71 112  51   0   0 152 255
255 152   0   0  51 111  20  71  71  19 112  51   0   0 152 255
255 152   0   0  51 174 112 112 112 112 175  51   0   0 152 255
255 152   0   0  10  51  51  51  51  51  51  10   0   0 152 255
255 152   0   0   0   0   0   0   0   0   0   0   0   0 152 255
255 152   0   0   0   0   0   0   0   0   0   0   0   0 152 255
255 214 152 152 152 152 152 152 152 152 152 152 152 152 214 255
255 255 255 255 255 255 255 255 255 255 255 255 255 255 255 255

255 255 255 255 255 255 255 255 255 255 255 255 255 255 255 255
255 214 152 152 152 152 152 152 152 152 152 152 152 152 214 255
255 152   0   0   0   0   0   0   0   0   0   0   0   0 152 255
255 152   0   0   0   0   0   0   0   0   0   0   0   0 152 255
255 152   0   0  10  51  51  51  51  51  51  10   0   0 152 255
255 152   0   0  51 174 112 112 112 112 175  51   0   0 152 255
255 152   0   0  51 111  20  63  71  19 112  51   0   0 152 255
255 152   0   0  51 111  72 136 191  71 112  51   0   0 152 255
255 152   0   0  51 111  72 124 141  71 112  51   0   0 152 255
255 152   0   0  51 111  20  61  57  20 112  51   0   0 152 255
255 152   0   0  51 174 111 111 111 111 174  51   0   0 152 255
255 152   0   0  10  51  51  51  51  51  51  10   0   0 152 255
255 152   0   0   0   0   0   0   0   0   0   0   0   0 152 255
255 152   0   0   0   0   0   0   0   0   0   0   0   0 152 255
255 214 152 152 152 152 152 152 152 152 152 152 152 152 214 255
255 255 255 255 255 255 255 255 255 255 255 255 255 255 255 255
255 255 255 255 255 255 255 255 255 255 255 255 255 255 255 255
255 214 152 152 152 152 152 152 152 152 152 152 152 152 214 255
255 152   0   0   0   0   0   0   0   0   0   0   0   0 152 255
255 152   0   0   0   0   0   0   0   0   0   0   0   0 152 255
255 152   0   0  10  51  51  51  51  51  51  10   0   0 152 255
255 152   0   0  51 174 112 112 112 112 175  51   0   0 152 255
255 152   0   0  51 111  20  63  71  19 112  51   0   0 152 255
255 152   0   0  51 111  72 136 191  71 112  51   0   0 152 255
255 152   0   0  51 111  72 124 141  71 112  51   0   0 152 255
255 152   0   0  51 111  20  61  57  20 112  51   0   0 152 255
255 152   0   0  51 174 111 111 111 111 174  51   0   0 152 255
255 152   0   0  10  51  51  51  51  51  51  10   0   0 152 255
255 152   0   0   0   0   0   0   0   0   0   0   0   0 152 255
255 152   0   0   0   0   0   0   0   0   0   0   0   0 152 255
255 214 152 152 152 152 152 152 152 152 152 152 152 152 214 255
255 255 255 255 255 255 255 255 255 255 255 255 255 255 255 255
255 255 255 255 255 255 255 255 255 255 255 255 255 255 255 255
255 214 152 152 152 152 152 152 152 152 152 152 152 152 214 255
255 152   0   0   0   0   0   0   0   0   0   0   0   0 152 255
255 152   0   0   0   0   0   0   0   0   0   0   0   0 152 255
255 152   0   0  10  51  51  51  51  51  51  10   0   0 152 255
255 152   0   0  51 174 112 112 112 112 175  51   0   0 152 255
255 152   0   0  51 111  20  63  71  19 112  51   0   0 152 255
255 152   0   0  51 111  72 136 191  71 112  51   0   0 152 255
255 152   0   0  51 111  72 124 141  71 112  51   0   0 152 255
255 152   0   0  51 111  20  61  57  20 112  51   0   0 152 255
255 152   0   0  51 174 111 111 111 111 174  51   0   0 152 255
255 152   0   0  10  51  51  51  51  51  51  10   0   0 152 255
255 152   0   0   0   0   0   0   0   0   0   0   0   0 152 255
255 152   0   0   0   0   0   0   0   0   0   0   0   0 152 255
255 214 152 152 152 152 152 152 152 152 152 152 152 152 214 255
255 255 255 255 255 255 255 255 255 255 255 255 255 255 255 255
